[[0,
  3205,
  2485,
  3067,
  5692,
  3904,
  2686,
  7081,
  3622,
  6255,
  735,
  944,
  160,
  343,
  7415,
  6935,
  3262,
  4837,
  1809,
  7777,
  4362,
  4983,
  4617,
  2303,
  4149,
  5337],
 [2342,
  0,
  720,
  138,
  2804,
  1016,
  519,
  4193,
  734,
  3367,
  2996,
  2384,
  2502,
  2685,
  4527,
  4047,
  374,
  1949,
  1396,
  4889,
  1474,
  2095,
  1729,
  902,
  1261,
  2449],
 [1622,
  720,
  0,
  582,
  3207,
  1419,
  201,
  4596,
  1137,
  3770,
  2276,
  1664,
  1782,
  1965,
  4930,
  4450,
  777,
  2352,
  676,
  5292,
  1877,
  2498,
  2132,
  182,
  1664,
  2852],
 [2204,
  138,
  582,
  0,
  2942,
  1154,
  381,
  4331,
  872,
  3505,
  2858,
  2246,
  2364,
  2547,
  4665,
  4185,
  512,
  2087,
  1258,
  5027,
  1612,
  2233,
  1867,
  764,
  1399,
  2587],
 [4829,
  2804,
  3207,
  2942,
  0,
  1788,
  3368,
  1389,
  2070,
  563,
  5483,
  4871,
  4989,
  5172,
  1723,
  1243,
  2430,
  855,
  3883,
  2085,
  1330,
  709,
  1075,
  3389,
  1543,
  355],
 [3041,
  1016,
  1419,
  1154,
  1788,
  0,
  1580,
  3177,
  282,
  2351,
  3695,
  3083,
  3201,
  3384,
  3511,
  3031,
  642,
  933,
  2095,
  3873,
  458,
  1079,
  713,
  1601,
  245,
  1433],
 [1823,
  519,
  201,
  381,
  3368,
  1580,
  0,
  4757,
  1298,
  3931,
  2477,
  1865,
  1983,
  2166,
  5091,
  4611,
  938,
  2513,
  877,
  5453,
  2038,
  2659,
  2293,
  383,
  1825,
  3013],
 [6218,
  4193,
  4596,
  4331,
  1389,
  3177,
  4757,
  0,
  3459,
  826,
  6872,
  6260,
  6378,
  6561,
  334,
  146,
  3819,
  2244,
  5272,
  696,
  2719,
  2098,
  2464,
  4778,
  2932,
  1744],
 [2759,
  734,
  1137,
  872,
  2070,
  282,
  1298,
  3459,
  0,
  2633,
  3413,
  2801,
  2919,
  3102,
  3793,
  3313,
  360,
  1215,
  1813,
  4155,
  740,
  1361,
  995,
  1319,
  527,
  1715],
 [5392,
  3367,
  3770,
  3505,
  563,
  2351,
  3931,
  826,
  2633,
  0,
  6046,
  5434,
  5552,
  5735,
  1160,
  680,
  2993,
  1418,
  4446,
  1522,
  1893,
  1272,
  1638,
  3952,
  2106,
  918],
 [673,
  2941,
  2221,
  2803,
  5428,
  3640,
  2422,
  6817,
  3358,
  5991,
  0,
  680,
  833,
  344,
  7151,
  6671,
  2998,
  4573,
  1545,
  7513,
  4098,
  4719,
  4353,
  2039,
  3885,
  5073],
 [531,
  2799,
  2079,
  2661,
  5286,
  3498,
  2280,
  6675,
  3216,
  5849,
  612,
  0,
  691,
  874,
  7009,
  6529,
  2856,
  4431,
  1403,
  7371,
  3956,
  4577,
  4211,
  1897,
  3743,
  4931],
 [1163,
  3045,
  2325,
  2907,
  5532,
  3744,
  2526,
  6921,
  3462,
  6095,
  575,
  784,
  0,
  183,
  7255,
  6775,
  3102,
  4677,
  1649,
  7617,
  4202,
  4823,
  4457,
  2143,
  3989,
  5177],
 [980,
  2862,
  2142,
  2724,
  5349,
  3561,
  2343,
  6738,
  3279,
  5912,
  392,
  601,
  1140,
  0,
  7072,
  6592,
  2919,
  4494,
  1466,
  7434,
  4019,
  4640,
  4274,
  1960,
  3806,
  4994],
 [6552,
  4527,
  4930,
  4665,
  1723,
  3511,
  5091,
  334,
  3793,
  1160,
  7206,
  6594,
  6712,
  6895,
  0,
  480,
  4153,
  2578,
  5606,
  362,
  3053,
  2432,
  2798,
  5112,
  3266,
  2078],
 [6072,
  4047,
  4450,
  4185,
  1243,
  3031,
  4611,
  146,
  3313,
  680,
  6726,
  6114,
  6232,
  6415,
  480,
  0,
  3673,
  2098,
  5126,
  842,
  2573,
  1952,
  2318,
  4632,
  2786,
  1598],
 [2399,
  374,
  777,
  512,
  2430,
  642,
  938,
  3819,
  360,
  2993,
  3053,
  2441,
  2559,
  2742,
  4153,
  3673,
  0,
  1575,
  1453,
  4515,
  1100,
  1721,
  1355,
  959,
  887,
  2075],
 [3974,
  1949,
  2352,
  2087,
  855,
  933,
  2513,
  2244,
  1215,
  1418,
  4628,
  4016,
  4134,
  4317,
  2578,
  2098,
  1575,
  0,
  3028,
  2940,
  475,
  146,
  220,
  2534,
  688,
  500],
 [946,
  1396,
  676,
  1258,
  3883,
  2095,
  877,
  5272,
  1813,
  4446,
  1600,
  988,
  1106,
  1289,
  5606,
  5126,
  1453,
  3028,
  0,
  5968,
  2553,
  3174,
  2808,
  494,
  2340,
  3528],
 [6914,
  4889,
  5292,
  5027,
  2085,
  3873,
  5453,
  696,
  4155,
  1522,
  7568,
  6956,
  7074,
  7257,
  362,
  842,
  4515,
  2940,
  5968,
  0,
  3415,
  2794,
  3160,
  5474,
  3628,
  2440],
 [3499,
  1474,
  1877,
  1612,
  1330,
  458,
  2038,
  2719,
  740,
  1893,
  4153,
  3541,
  3659,
  3842,
  3053,
  2573,
  1100,
  475,
  2553,
  3415,
  0,
  621,
  255,
  2059,
  213,
  975],
 [4120,
  2095,
  2498,
  2233,
  709,
  1079,
  2659,
  2098,
  1361,
  1272,
  4774,
  4162,
  4280,
  4463,
  2432,
  1952,
  1721,
  146,
  3174,
  2794,
  621,
  0,
  366,
  2680,
  834,
  354],
 [3754,
  1729,
  2132,
  1867,
  1075,
  713,
  2293,
  2464,
  995,
  1638,
  4408,
  3796,
  3914,
  4097,
  2798,
  2318,
  1355,
  220,
  2808,
  3160,
  255,
  366,
  0,
  2314,
  468,
  720],
 [1440,
  902,
  182,
  764,
  3389,
  1601,
  383,
  4778,
  1319,
  3952,
  2094,
  1482,
  1600,
  1783,
  5112,
  4632,
  959,
  2534,
  494,
  5474,
  2059,
  2680,
  2314,
  0,
  1846,
  3034],
 [3286,
  1261,
  1664,
  1399,
  1543,
  245,
  1825,
  2932,
  527,
  2106,
  3940,
  3328,
  3446,
  3629,
  3266,
  2786,
  887,
  688,
  2340,
  3628,
  213,
  834,
  468,
  1846,
  0,
  1188],
 [4474,
  2449,
  2852,
  2587,
  355,
  1433,
  3013,
  1744,
  1715,
  918,
  5128,
  4516,
  4634,
  4817,
  2078,
  1598,
  2075,
  500,
  3528,
  2440,
  975,
  354,
  720,
  3034,
  1188,
  0]]
